% SIO_LOC.M
% sio_loc
% Notes on the positions of the scripps moorings per phone conversation with
% Dan Larson (619)534-2210 on 8Mar99

% positions from 27jun98 to 8Mar99+
%smin_loc=[-(120+(26.919/60)) 34+(23.807/60)]; % red
%arin_loc=[-(120+(39.143/60)) 34+(32.921/60)];	
%armi_loc=[-(120+(41.819/60)) 34+(30.953/60)];	
%arof_loc=[-(120+(44.926/60)) 34+(29.277/60)];	
%smof_loc=[-120.449 34.151];

% positions from sep97 to 27jun98
% smin_lat=34+(23.85/60);	smin_lon=-(120+(26.145/60)); % nov97 to 27jun98 (blue)
% arin_lat=34+(32.932/60);	arin_lon=-(120+(39.207/60)); %13sep97 to 27jun98 
% armi_lat=34+(30.929/60);	armi_lon=-(120+(41.908/60)); %12sep97 to 27jun98
% arof_lat=34+(29.175/60);	armi_lof=-(120+(44.741/60)); %12sep97 to 27jun98

%% Positions from the web (10Nov99)
%abmi_loc=[-120.839 35.110];
%abof_loc=[-120.974 35.032];
%sain_loc=[-120.676 34.809];
%sami_loc=[-120.781 34.809];
%saof_loc=[-120.963 34.809];
%arin_loc=[-120.659 34.548];
%armi_loc=[-120.700 34.517];
%arof_loc=[-120.758 34.484];
%smin_loc=[-120.463 34.395];
%smof_loc=[-120.454 34.153];

% positions from file headers (17mar00)
abin_loc=[-120.796 35.1388];
abmi_loc=[-120.8448 35.1154];
abof_loc=[-120.9709 35.0314];
anmi_loc=[-119.3035 34.0542];
arin_loc=[-120.6537 34.5491];
armi_loc=[-120.697 34.5202];
arof_loc=[-120.7422 34.4836];
sain_loc=[-120.6738 34.8085];
sami_loc=[-120.7854 34.803];
saof_loc=[-120.9699 34.8097];
smin_loc=[-120.4505 34.4002]; % black
smof_loc=[-120.4515 34.1516];